1111111 11111. nx. 11. m

41111 1111111111, 41 1111111. 111111 (1111111111 1111. ⁶ 11141111 111111’
111111111111111111111111111111114· 111111. 111114. ιι. 111. nbi 111111.
bibunt· 114 11111111 nomem. 1. queuntium 111111 nd 0114. 41111.
m. 114. con. 14 8111111. 11111111. M. 11. 14 4111111 11. w· 111111. 14
mul. 4111111. 14 1111111 nv· 11111.1111.ιι.1.1.1“1111111111114
2⁶. 11111111 14 411111. Met. 111. 1111111111 111111 11111114111111.
m. 1411. 11111111 1111144111. 1. 1. 81. 11111111. 14 11114. 11144.
11111.1ιι.4. 1111111111111111111 111). 14 11111. 11111. ιι. 14111.
loquitur-nomn 11111111 11111 11111· ms. 1111111111. 14 1111111. Μ. 1¹. 4.

rui 1111111 1111111 11 nultum 111· &Klots 11111111. 1110111111. 1111·
1111111,411111111111111111111411· 1111. 1111. 11. 1111. 11111.

ti. 111111114411111111,11111111· ,44 1111111111 1111 111111] Vah
111111 nulia 41 1114111 11 111111 14 111111111111114111111111141111,
bena 1111111111111111111111111· ’1111 1111111 111111 1114113111 ,
11141111111411111111111111111111· 11111111111 111 1111111111· 11.
mio’ 111 11111111 14 1111111. 4141. 1111 411111111111 11411111111111·
111. 1. 44. 111111 ⁸ 11141111111’ 1111· mg. 11111. 1. 11111. Non 1114111
111111 11 r· 11111, 41 111111111114. 411111111144. 111111 141111111111

14 1111111411. 111114. 1111114 11111111114111111111114411111
8111111111. 111. 44. cumb. 14 ut 14 1411111111. 1111111. 1111.

1-11111111111111111- 11111111 1111111111..
1111.1111.11.11.11. 01111111111· 111 1111111111 111111 11111 1111111,
111 111111 unqu 111 11111111· 1111111 11111111 1111111111 1111111
111, 1111111111 11111111 14 111111 1111111 11111 11 ’111111 4141111411
mnu. 44. 1. 11111111. 14 411111. 1111111111,’11·111111111111ι 4141111
1411141114. 1411111. 11. 441. 11111 111111 111111141;’ 411141 eumn
11111111). 14 su. 11. 114. 111. 14 111111 1114111 1111111 111411 11111111
1111111111. mn. 01411414111111. 011111411111111 ι11111111·111·
11111.1.44.111.111111.14 Victor. 1111111111 1111111111 1111 1111111
11111111 (1111111111 11411111 11111111, 11 legem, 14 1111111111
mlta, contutum 11111111 111 1111111114411111111111111114111
14 1111111111111111111114111111111, 11411111111111111111111111 11111·
114 111111 111111111111111, 1411111· 1111111111 111 1411111111111111 1111
11111111111111 111111 11111411 eu· 11141111,111111111111111111111114·
m 1111111111. Anu. 111111. 44 4111411111 11 1111111111

cm 1111111] cn 111. 1114 11· 111111, 1111111 111111 1141111 1111111
qu. 1111111111 11111111111111 1111111111111. 4111111111111111111·
mutin„ ’0111111111 1111111111· 111111, 11 111111111111111 1111
11111111111111111111111111111,111 414114111111111 41111111, 111.
quoqu· 1111 1111. 11111111111111- 11111111 1. 1111 1111111 1111111111·
1114111· 11111. cm 111111, 11 111111 1441111111111111011111111·
1111111111111114111111111111111· 111114 ’1111111 1111111111 14 111·
n 14 11111 1111111111111111111111. 11111111, 114 111111,’1114.11. 14111,
nt 11111 1111111111. 1 ι. *11111111 14 inpunitatem, 11 morte 1111111·
1111111111 ’ 41111. sager. 1111111111 1111 ut 1114 11111110111111111. n.
111111 m 14 111111. 111111111111. 1 1.· 1111111111111 14 1111114111

1 4. 11 111111414110111111 14111· 111111111111111111141111.

mmmm. 1111111. Anu. ,41111 11111 1111111] 111111111141-ι
cm 111. 1111141111] 1111111 41111111Ιζ1111111111,111111111111·

11111111 1111111111114 111111 1111 111 1111111111 111411 1111 1111111·

 

