1811 11111 1111111111 11

1111111111111111111111111111111- 1111 111111111111111111. oum. vi-
11111111111.1111.11.ρ.111.11111. 111111111111111111111 1111 11111111
1111111111]·011.11111Ι.1111 (111. 1111111 111111 11111 1111111111 111
1111111, 111111111111. «leger. privilegio, 1111 11111111111111111111
1111 Herculique] 111111111111111· 11111111111,1111111 1111111 111111·
1111111111111,11111111111111· 1111111, 11 1111111111 11111111 poue,
1111111111Ρ1111111111,1111111.111· 1111111111 11 11111111 11111111 111·
111. 111111111111111111111111. 111 1111. 111111. Ad 11111 11111111-
11111111111111111111111111011- 11 respicit: ι81111 111111 1111111-
ternu 11111 11111111, 1111 111111 11111111111111111111111111111111-
111 11611111111111111111111111· 1111111111 1111111111 11111111* 111·
1111111111111,111111111111111. 111· 111. 1111111111, conjectum 11111111
111111111111111,11111111111111111 111111 11111111. 11 contextu 111111
1111111111111111,11111,1111111111111 11110111111111 1111111. 111111-
1111111 111111111. 11111. 11111, 1111 cumpro 1111111111111 ui·
11111 11111 11111] 111 111 1111111111, 1111111111111 Cottius, 1111111 111111
1111111111111,1.1’111111.1181111. 111111 1111111111. 111111 1111111
1111111. 11. 1. 11. [um 1111111· 1111111111111111111111111111111111
111. 11111111111.1. 1111111111. 1111111 1111 1111111111111111111
111111111111111111. 1. 11111111. 11111) 1111111111 .. . 11 111. 0111111
11 Sum] (11111111.11111.11· 11111111111111111111111111111111111-
111111111υ11111. 011111. 11111. 11111 1111111, 111111111111 111 111
oportere 1111111. 11111 11111] 111. modo 1111111111 vum 11111 111111
111111111111.11111111111,111111- (11 1111111111 11111111 1111111111, 11
11111111 11111. 11 1111111111. 111. 11111111111111111111111111 11111111)111
1111111 111 111, 11. nouerim-ne 111111111111. 111111.
11111111, 111. oport. 1111111, 11111 [1111111111]1111111111111111111,
1111111. 11111. 1111111111111111. 1111111. 111111 ι111111111111111111
p. 11111111. Panum 1111111111· 111111ι, 1111111111111111111111
1111111 1111111 1111111, 1111111111· 111111111111111111,11111111ι1111-
1111, 1111111 11111 11111, 1111111111 11111 1111111, 111111 11111111, 111 111·
111111 11111 1111111111 11111111 11111· 111 1111111111 111-111 1111111111
111111111111 111111111111 111111 11111111 11 111111111111110111111-
1111111111111111111 1111111111 1111111 ’8111111111 111111 1111111111
1111111111. 1111111111 11111 111111, 111 1111111111111111111111,1111
qum, 1111111 mu. 11 1111111111 11111111111111111111111111111111-
111 delego 111111,11111111111111111 111111111111111111111. 111111111.
⁴ 11111111 1111111111’ 1111 1111111111, 1111111111, 1111 u 1111111, 11111·
111111111111111111111111111111111· 1111111111 1111111111 11111111 Livi·
3· 1111111 1111 11 1111111111 1111- m, cm, ffi„ prim. 1„ m.
1111. eludet 1111111111111ιωι. 1111111 111111 11111111 11111111 11·
Gfd· Cod- 101Ρ111111111111111Ι. 11111 1111111.111111(11111111.1111111
eum 011 111111111111111111111111· 11111111111111111111111111111
111· W· 11 1111 ⁸*- ¹⁶⁰⁸5⁰ 111111· 11111 111 1111111111, 11 1111 111111·
111 111111, 11, pune 11111111, 111111 111111111111,1111111111111111·
1111111111. 111111 1111 111 1111·“ 1111111 1111111111111111111 posto·
1111111111111, 11111 11111. 111111· 1111 11111 1111111111111111111111,
1111111111. 11111. 11111 111111111111111 retenturum
11 11111111] 1111111111111. Livius 111111111111111111111111111.01·

. 11111, 11 111, 11111 111. 11111 1111111111 terum 11 111111. 111 1111111111. 11111.

 

