11111111 111111. v11.16. 1191

1111111111111111111111111111111· 111,1111111111111111. 11111111
11111, 1111111111 11111111111111111· 1111111111 11 1111111111. 11 811111111-
11111111111111111ω1111111 111- 111 111111111, 11 1111111 1111 Eume·
1111 1111111. 111111111 11111111 11111, 111118.·1111111111111 genus 111 111·
1111111111111111111111111111111111· 11111111 :⁹ 11 111. 111111 1. 11111.
11111. ow 11111111 1111111 11111111, §6 Non 11111111] 11 1111111111111,
11111111 1111 ex 1111111111 1111111111· 1111 111 1111111111 111111. 111111 111111
111,111111111111111111111111,(111- 1111111 1111111111 11111111 opponitur
1111111111111111)111 111111111111, 11111111 1111111111111111111111 111111·
111 11111111 1111111111, perbenigne· roe. 11111.
0111111111111111111111. 11111111· 1 1 Constantine, 1111111111] Non
[1111111111 1111 111111 111111 1111111111. 11111101111111111 m. 111 11 1111.
111111111111111111111111 1111111111. 1111111. 011111111111111111111-
Livia. 1111 Arm.
111111] In 1111111111111111011· § 9 11 11111 11111111]011111.11111·
mutinum 11111. Patara. 111. 11111111. 111111111111111111111
§snm 11111 virm] 11111 1111111 1111111111 mutuo, 111 11111 quum,
11111 1111111111. 81111111111111111 qnod 111111, 11 11111111 reliquorum
11111,111111 11111 11111 11 11111111 11111111111111111 Ρ11.11 111111. 11
1111111111, 11 1111111111 11111111. 1111111111. 11111. (111. 1111111. 1111
ὅ. ⁴ 1111111 11111 1111113 Arm. v 111. 1111111 111, nt 11111111111111·
Ν11111111111]11111111.1111111111. 11111111. Sed 1111 11111ῑὶ1111 1111
01111111111 ,· 11 Puteolani, 11111111, cum. Jaeger. 111111 61111111111·
Η111.811111111,111111111111111111, 1111111, 11 1111111 1111111, fnit 111-
11111 nou 1111111 11111 111111 11111- 11111, 111111 11111111 quod 11 Putea·
111111, 11111 111111 1111. (11111111 11111111111111111111111111111111-
1111111111 1111111111, 111 (11111111. 111111, oh 11, 1111 11111 11111 11111
proxime 1111111, 1111111 111111. 11111111111111111. 1111111111·
11111. 1111 1111111, ⁸ 11111 1111111 nonem·
0111 1111111. 1111 quiea] 1111111. cs. 11111 11 Nom. 111 1111111.
qu 11111 1111111111 1111111111111111. 811111. 111.

gnis. 11111111111111. Ρ11111. Li· 11111111111111111111111111111111· ⁴

111111 1111111111 111111 11 antiquissimu 111 1 scriptoribus 11111111 111111 fro·
11111111111 1111111111 1111111 111 111111111111111111111111111-
111111110111111111111 1111 11111111. 11111. 1111. 1. ‘nequid 111 1111111
codd. 1111111111 11111111. Conf- 1111111 11111111* 1111 111111111 ‘De'
111 81111111 11111111. 11 11111111. 11111111 11 111 1111111 1111111111.
pq· 1. 111 ‘ 1111111111 111111’ 111. 11111. 1111 1111111. 111111. 11 1711·
111 11111110111111111111. 1. 111- 11111. 11111.
11111111 1111 111111 111111] 1111111111. H·
1111111111]1111111111111111111. 1111. Non 1111111111 11111 111 1111·
1111 11111111111111111111111111.1111 1111 Gruterus, 1111111 11111111 111·
11111 1111111111 1111111111 11111111- 111111 11111 1111111, 111111111 111
1111111. 11 Ρ111111111111111111 11111111ιί11 (1111111111 1111111111
111111 111111111111 11 1111111111 11 ’1111111113 ι111 1111111111,ν
1111111111 111111111 111111. 11 11111 ⁴ 111 form: ‘ AEmem ’11 ‘formam'
1111111111111111 111 1111119. ι11 jungi 11111 qnoque exemplis 11111111
ι1111111111111111111111.’ 11111. Wopkens 11 0111111.111111111. 1111.
11 mima 1111111111] 1111111111 111.1.1.11.11111111 11 111. 1111 11
11 11111111 1111111111 1111 011111- mm 11 1111111111111111111111.

 

