11111111 111111. vi. ³. 191⁷

11111111111111, 11111111 11111 11111. 1 11 aiii 11111 11111111. Ρ1111111111

11111111111111111111 nihii 11111. constantinus 111111111111111111111
41111.111111111111111,11111111111111111111
cusi 11] Fotis 1111111111, 11111 11111111111111111,1111111111111·
111111111111111.1111.11. 1111111111111111.1111111111111111111111
111. *111111111111111111111111 tibi 11111111111111. 11111111111111111111
11111111111111111111111111111111111 1111111111 1111111111 11 11111111 1111.
1111111111111111111, 111 111111 111111 11111111. 111111111111,111111111111111,
1111111111111,1111111111111111111111 1111111111111111111111111 11 11111111
posses, 111111111111111· Psiasss. 11111111,111111111 1111111111111111.
1111111 111111 1111111111. sisinius. 111111111111111111 1111 1111111111
ssu 11,1111111111 1111111 1111111111 1111111 1111111111111,“11 1111111 11111·
111111111111111111111111 1)11111,11111 1111111111111111 1111111111. deges.
111111111111111 3111111111. 11 prosi· 1111111111 1111 bins· 1111111111111.
111111 1111111,11111111111111111111. ,11111111 priores 111111 perstringit·
1111111. 111 1111111111 «1111111111- 1111111111111111111111111111
111 (1111111, 111 111 1111111111, 111111· 111111 11111111, 11111 11 0111111111. 11· ,

1111111111.11111111111111111111111111· 11, 11111 11111111. Arsit.
11111. 111 111111 11111 1111111111· 1111111111] 1111111111111111111·
11111. 11111 esd. 11111111 11 1111111 111111111 1111111111111111111111,
quiden schedis 111111111111111111, 1111111111, 1111111111.11111111 a·
111111 1111111 dubium 111,1111111111 Gruterus. 1111111111111.111111111,
aoid-suissuis. codd. 111111,11 111111111111111111111,1111111111111
esd. antiquiorum 11111111111 1111 11- 11111111 111111111 1111 1111111111 eui·
111111, 1111111111111 1111111111. 111,111111,1111111111111 111. 111111.
Anis- 11 Nepotem] 01111111111,01111111·
1111111111] ussi. 111 1111111111, 111111111,1Μ11111111101111111111,
1111111111111111111, 1111111111 111· 1111111 etism, 1111111111 essi, 1111-
fest. 11111. 1111111 (111111111111111- 111111111111111111.111110111111
m, 111 111111. 1111111111 1111111111, 111111111111111111111111. (111
11111111111 1111 11111. 11111111 11110111111111110111111111111111,
1111111111111112111111 11 1111111· 1111111 111111 iscius 111 111ιί111111.
111,1111111111111 1111111111 1111111 ciust. 111111111111111111111111111
consutitias 1111111111, 1111111111 1111111111111111811111111111111111.
11111111 111. 31111111 11 11111111. 0111. 1. p. 18. sciis celin. 1111. 111.
111. Ρ. 11. §es 1111,11111111 1111111· ,s 1. Ainis.
11, 1111111111 11111111, 11 11111111 11111· “ 1111111] 11110111111111111111111
11111111111111111111111.11111. 1111111111,111111111”11 11, Augustus
81111 1111111111] 1111111 (111111. imin· 1111, 11 (111111111111 Augusti
1111111 11111111 1111111111111111, 11 1111111111. 1111111111111111 d.
111111111111111.1111111111111. 111· 1. 11111.
11111111 comissis 1111 1. ‘sicuti 1111111111] 011111111111111111111111
11111111... 1111111111· 111111 11111. 111. 11111111111111111111111111111111111
1111111111] 11111 Constantius, con· 111. (11111111. p. 111. 111. 1111111. 1·
111111111111,’1“11111111111,11111111111 1111.
1111111111111111111111. 11111111· Prin] 1111111111 11 0111111111·
11111111 11 chronic. 1111111111. 11 111111111111111111111111111111·
11111. Alii scribunt 1111111 1111111 1111111 111111,111111111111111 11
111ιὶ111111 1111111111. 111111111111. 11111111111111 11111 1111111111, 1111
111111. 011111111111.11111111. ssibus 1111111 1111111111. Asi 11·

 

